0 0 0 x
0 0 180 x
0 0 90 
0 0 -90 

0 90 0 
0 90 90 
0 90 180 
0 90 -90 

0 180 0 
0 180 90 
0 180 180 
0 180 -90 

0 -90 0 
0 -90 90 
0 -90 180
0 -90 -90 

90 0 0 x
90 0 90 
90 0 180 x
90 0 -90 x

90 90 0 x
90 90 90 x
90 90 180
90 90 -90 x

90 180 0 
90 180 90 
90 180 180
90 180 -90 

90 -90 0
90 -90 90
90 -90 180
90 -90 -90

180 0 0
180 0 90 
180 0 180 x
180 0 -90 

180 90 0 
180 90 90
180 90 180 x
180 90 -90 

180 180 0
180 180 90 
180 180 180
180 180 -90 

180 -90 0
180 -90 90
180 -90 180
180 -90 -90

-90 0 0
-90 0 90 x
-90 0 180 x
-90 0 -90 x

-90 90 0 
-90 90 90
-90 90 180
-90 90 -90

-90 180 0
-90 180 90
-90 180 180
-90 180 -90

-90 -90 0
-90 -90 90
-90 -90 180
-90 -90 -90
